Month,Social Media,Games,Productivity,Entertainment,News,Other
January,25,15,10,20,5,25
February,22,18,12,19,6,23
March,24,13,14,18,7,24
April,27,16,13,15,4,25
May,23,15,15,22,6,19
June,21,20,10,18,5,26
July,26,12,9,25,5,23
August,28,17,12,16,6,21
September,25,14,11,21,8,21
October,23,16,13,18,7,23
November,22,20,10,17,9,22
December,24,18,12,19,4,23
