Month,Mystery,Thriller,Romance,Science Fiction,Non-Fiction
January,450,520,730,480,610
February,460,530,740,490,620
March,470,540,750,500,630
April,480,550,760,510,640
May,490,560,770,520,650
