count,value
9126,conventional
9123,organic
