""
Category,Value
Quantum Computing,45
AI & Machine Learning,78
Biotechnology,64
Cybersecurity,56
Space Exploration,89
Renewable Energy,72
Virtual Reality,38
5G Technology,65
Blockchain,50
Nanotechnology,59
Autonomous Vehicles,48
""
