 
Category,Type A,Type B,Type C,Type D
Sports,30,25,20,25
Fitness,40,20,25,15
Outdoor,35,30,20,15
Indoor,50,20,15,15
Extreme,25,35,30,10
Water,20,25,35,20
Winter,45,15,25,15
Team,30,20,30,20
Solo,40,25,20,15
Recreational,35,25,20,20
Professional,25,30,25,20
Adventure,30,25,30,15
Hiking,20,30,30,20
Running,45,20,20,15
Cycling,35,25,25,15
""
""
