""
Category,Science,Math,English,History,Art,Physical_Education
Grade 1,20,15,25,10,15,15
Grade 2,22,13,23,12,18,12
Grade 3,25,18,20,10,12,15
Grade 4,18,22,15,20,15,10
Grade 5,15,20,18,22,10,15
Grade 6,20,17,20,15,12,16
Grade 7,18,20,15,22,15,10
Grade 8,22,15,20,18,12,13
Grade 9,20,18,25,10,15,12
Grade 10,25,20,15,15,10,15
Grade 11,18,25,15,20,15,7
Grade 12,20,15,22,10,20,13
""
