""
Category,Type A,Type B,Type C,Type D
2010,20,30,25,25
2011,18,28,30,24
2012,25,22,30,23
2013,30,20,25,25
2014,22,27,31,20
2015,24,29,20,27
2016,20,30,28,22
2017,25,25,25,25
2018,23,24,28,25
2019,21,26,27,26
2020,24,22,29,25
2021,22,24,26,28
2022,26,28,20,26
2023,28,24,27,21
""
