 
Category,Apples,Oranges,Bananas,Grapes
A,10,20,30,40
B,15,25,35,25
C,20,30,25,25
D,30,25,20,25
E,25,30,30,15
F,35,25,20,20
G,25,35,20,20
H,30,25,25,20
I,20,30,25,25
J,15,35,25,25
K,20,25,30,25
L,25,20,30,25
M,30,30,20,20
N,35,25,25,15
O,40,20,25,15
P,30,25,25,20
Q,20,30,20,30
R,25,25,30,20
S,30,20,25,25
T,25,30,25,20
""
