""
Category,Urban,Suburban,Rural
2010,40,35,25
2011,42,33,25
2012,44,32,24
2013,43,34,23
2014,41,36,23
2015,45,35,20
2016,47,34,19
2017,46,33,21
2018,48,32,20
2019,49,30,21
2020,50,30,20
2021,51,29,20
2022,53,28,19
2023,54,27,19
""
