""
Category,Science,Math,English,History
Grade 1,20,30,25,25
Grade 2,25,20,30,25
Grade 3,30,25,20,25
Grade 4,25,25,30,20
Grade 5,20,35,20,25
Grade 6,30,25,25,20
Grade 7,25,30,20,25
Grade 8,25,20,30,25
Grade 9,20,25,25,30
Grade 10,30,20,25,25
Grade 11,25,25,30,20
Grade 12,25,30,20,25
""
