""
Category,Public Transport,Biking,Walking,Driving
City A,20,30,25,25
City B,15,35,20,30
City C,25,20,35,20
City D,10,40,30,20
City E,30,25,15,30
City F,35,20,25,20
City G,20,30,20,30
City H,25,15,35,25
City I,15,25,40,20
City J,30,20,25,25
City K,20,35,25,20
City L,25,30,20,25
City M,15,40,25,20
City N,10,30,35,25
City O,20,25,30,25
""
