""
Category, Running, Swimming, Cycling
Group A, 20, 30, 50
Group B, 25, 35, 40
Group C, 30, 25, 45
Group D, 22, 33, 45
Group E, 18, 27, 55
Group F, 27, 23, 50
Group G, 25, 25, 50
Group H, 28, 22, 50
Group I, 26, 24, 50
Group J, 30, 30, 40
Group K, 23, 33, 44
Group L, 21, 29, 50
Group M, 19, 31, 50
Group N, 27, 23, 50
Group O, 29, 21, 50
""
