""
Country,Reading,Gaming,Traveling,Music
USA,25,30,20,25
Canada,22,25,23,30
UK,28,18,25,29
Australia,30,20,20,30
Germany,32,22,25,21
France,25,30,25,20
Japan,35,15,25,25
China,30,25,20,25
India,32,20,25,23
Brazil,28,22,25,25
South Africa,30,18,25,27
Russia,25,25,25,25
Mexico,32,22,20,26
South Korea,25,30,20,25
Italy,28,22,25,25
""
