""
Category,Value A,Value B,Value C,Value D
2020 Q1,10,30,25,35
2020 Q2,15,25,30,30
2020 Q3,20,35,25,20
2020 Q4,10,25,35,30
2021 Q1,25,20,30,25
2021 Q2,30,25,25,20
2021 Q3,20,30,35,15
2021 Q4,25,20,30,25
2022 Q1,35,20,25,20
2022 Q2,30,25,30,15
2022 Q3,25,30,20,25
2022 Q4,20,35,25,20
""
