""
Group,Meditation,Yoga,Therapy
Group A,15,35,50
Group B,20,30,50
Group C,25,25,50
Group D,22,33,45
Group E,18,27,55
Group F,27,23,50
Group G,25,25,50
Group H,28,22,50
Group I,26,24,50
Group J,30,20,50
Group K,23,33,44
Group L,21,29,50
Group M,19,31,50
Group N,27,23,50
Group O,29,21,50
Group P,25,25,50
Group Q,26,24,50
Group R,28,22,50
Group S,23,27,50
Group T,21,29,50
""
