""
Year, Asia, Europe, North America, South America, Africa, Oceania
2010, 20, 25, 30, 15, 5, 5
2011, 18, 28, 25, 12, 10, 7
2012, 22, 20, 35, 10, 8, 5
2013, 24, 22, 28, 14, 6, 6
2014, 26, 24, 26, 12, 8, 4
2015, 28, 26, 24, 10, 7, 5
2016, 30, 20, 25, 15, 6, 4
2017, 25, 22, 30, 10, 8, 5
2018, 27, 24, 22, 14, 9, 4
2019, 29, 26, 20, 12, 10, 3
2020, 31, 28, 18, 10, 8, 5
2021, 32, 26, 19, 13, 7, 3
2022, 30, 24, 22, 11, 8, 5
2023, 28, 22, 24, 10, 10, 6
""
