""
Country,Food,Transport,Health,Entertainment
USA,25,20,30,25
Canada,20,25,35,20
Germany,30,20,25,25
UK,15,30,25,30
Japan,35,25,20,20
South Korea,25,30,20,25
Australia,20,35,30,15
India,25,20,30,25
China,20,25,25,30
France,30,20,30,20
Brazil,25,25,25,25
Mexico,20,30,25,25
Spain,25,25,30,20
Italy,30,20,25,25
Russia,25,30,20,25
""
