""
Category,Population under 18,Population 18-65,Population over 65
2000,30,55,15
2001,28,57,15
2002,29,56,15
2003,27,58,15
2004,26,58,16
2005,27,57,16
2006,25,59,16
2007,24,60,16
2008,23,61,16
2009,22,62,16
2010,21,63,16
2011,20,64,16
2012,19,65,16
2013,18,66,16
2014,17,67,16
2015,16,68,16
2016,15,68,17
2017,14,69,17
2018,13,70,17
2019,12,71,17
2020,11,72,17
2021,10,73,17
2022,9,73,18
2023,8,74,18
2024,7,75,18
""
