""
Year,Agriculture,Industry,Services,Technology
2010,20,30,40,10
2011,22,28,41,9
2012,25,26,42,7
2013,27,25,40,8
2014,28,24,40,8
2015,30,23,38,9
2016,32,22,37,9
2017,35,21,35,9
2018,37,20,34,9
2019,38,18,34,10
2020,40,17,33,10
2021,41,16,33,10
2022,43,15,32,10
2023,45,14,31,10
2024,46,13,31,10
2025,48,12,30,10
2026,50,11,29,10
2027,52,10,28,10
2028,53,9,28,10
2029,55,8,27,10
2030,57,7,26,10
""
