""
Year,Spring,Rainy Season,Winter
2010,15,55,30
2011,18,50,32
2012,20,45,35
2013,22,48,30
2014,25,50,25
2015,30,45,25
2016,28,50,22
2017,25,53,22
2018,30,48,22
2019,35,45,20
2020,32,40,28
2021,30,50,20
2022,33,47,20
2023,35,45,20
""
