""
Food,Philosophy,Ethics,Morality
Chicken,35,30,35
Beef,40,25,35
Tofu,30,45,25
Salmon,50,20,30
Lentils,20,50,30
Rice,5,60,35
Broccoli,30,45,25
Almonds,15,30,55
Eggs,25,30,45
Yogurt,15,40,45
Quinoa,25,55,20
Pasta,10,50,40
Bread,15,60,25
Beans,25,45,30
Cheese,35,25,40
Milk,30,35,35
Nuts,20,25,55
Peas,20,45,35
Oats,25,50,25
Bananas,5,60,35
Spinach,30,50,20
""
