""
Category,Value_A,Value_B,Value_C,Value_D
Q1 2023,25,30,25,20
Q2 2023,20,25,30,25
Q3 2023,30,20,25,25
Q4 2023,25,25,20,30
Q1 2024,22,28,26,24
Q2 2024,26,22,24,28
Q3 2024,24,26,28,22
Q4 2024,28,24,22,26
Q1 2025,27,23,25,25
Q2 2025,23,27,25,25
Q3 2025,25,25,27,23
Q4 2025,25,25,23,27
""
