""
Category,Value1,Value2,Value3,Value4
A,22,28,12,38
B,26,34,17,23
C,29,24,19,28
D,32,32,15,21
E,35,20,24,21
F,38,17,27,18
G,42,12,30,16
H,46,7,33,14
I,50,5,25,20
J,55,6,15,24
K,60,7,10,23
L,65,9,5,21
M,70,12,3,15
N,75,15,2,8
O,80,18,1,1
""
