""
Year,Agriculture,Industry,Services
2001,20.5,30.1,49.4
2002,19.8,30.5,49.7
2003,19.2,31.1,49.7
2004,18.4,32.0,49.6
2005,17.9,32.5,49.6
2006,17.3,33.1,49.6
2007,16.8,34.0,49.2
2008,16.2,35.1,48.7
2009,15.9,34.3,49.8
2010,15.3,35.2,49.5
2011,14.8,35.9,49.3
2012,14.4,36.5,49.1
2013,14.0,37.2,48.8
2014,13.5,38.0,48.5
2015,13.1,38.7,48.2
""
