Date,Temperature
2024-01-01,30
2024-01-02,32
2024-01-03,31
2024-01-04,29
2024-01-05,28
2024-01-06,30
2024-01-07,31
2024-01-08,32
2024-01-09,34
2024-01-10,33
2024-01-11,35
2024-01-12,36
2024-01-13,37
2024-01-14,36
2024-01-15,34
2024-01-16,33
2024-01-17,32
2024-01-18,31
2024-01-19,30
2024-01-20,29
2024-01-21,28
2024-01-22,27
2024-01-23,26
2024-01-24,25
2024-01-25,24
2024-01-26,23
2024-01-27,22
2024-01-28,21
2024-01-29,20
2024-01-30,19
2024-01-31,18
