Month,Mystery (%) ,Science Fiction (%) ,Non-Fiction (%) ,Children's Books (%) ,Biographies (%) ,Romance (%)
January,15,12,30,23,10,10
February,17,10,28,23,12,10
March,16,11,29,24,9,11
April,14,13,26,25,12,10
May,12,14,27,24,13,10
June,10,15,30,20,13,12
July,8,13,33,21,12,13
August,9,12,32,22,12,13
September,16,11,28,25,10,10
October,17,12,26,27,8,10
November,18,10,30,24,8,10
December,19,9,31,22,9,10
January 2022,15,12,31,22,10,10
February 2022,17,11,27,24,11,10
March 2022,18,12,29,22,9,10
