Month,Children (0-12),Teens (13-18),Adults (19-64),Seniors (65+)
January,22,18,45,15
February,18,15,50,17
March,20,17,48,15
April,23,16,46,15
May,19,18,49,14
June,25,20,40,15
July,30,22,35,13
August,28,21,38,13
September,24,19,44,13
October,20,18,47,15
November,19,17,50,14
December,21,16,48,15
