""
Month,Soccer,Basketball,Swimming
January,25,35,40
February,28,33,39
March,27,32,41
April,30,31,39
May,29,34,37
June,32,30,38
July,31,29,40
August,30,33,37
September,28,34,38
October,27,35,38
November,29,33,38
December,30,32,38
""
