""
Month,Urban Areas,Rural Areas,Suburban Areas
January,20%,35%,45%
February,25%,40%,35%
March,30%,25%,45%
April,35%,30%,35%
May,22%,38%,40%
June,28%,32%,40%
July,32%,33%,35%
August,34%,26%,40%
September,29%,34%,37%
October,31%,29%,40%
November,33%,30%,37%
December,28%,34%,38%
""
