""
Day,Fruits,Vegetables,Grains,Proteins,Dairy
Monday,0.2,0.25,0.15,0.3,0.1
Tuesday,0.18,0.3,0.15,0.27,0.1
Wednesday,0.22,0.28,0.13,0.27,0.1
Thursday,0.25,0.27,0.15,0.23,0.1
Friday,0.28,0.3,0.12,0.2,0.1
Saturday,0.3,0.35,0.1,0.2,0.05
Sunday,0.27,0.32,0.15,0.16,0.1
""
