Month,Treadmills,Exercise Bikes,Elliptical Trainers,Rowing Machines,Yoga Mats
January,35,25,20,15,5
February,30,26,21,16,7
March,28,30,22,14,6
April,26,25,23,17,9
May,27,28,20,15,10
June,30,25,20,15,10
July,25,25,25,15,10
August,33,21,21,15,10
September,29,26,25,13,7
October,32,24,20,15,9
November,35,20,25,12,8
December,38,22,18,12,10
