Year,Fruits,Vegetables,Grains,Proteins,Dairy,Sweets
2000,10,20,30,15,10,15
2001,12,22,28,16,11,11
2002,15,24,26,14,12,9
2003,17,26,24,13,13,7
2004,18,28,22,14,12,6
2005,19,29,21,15,10,6
2006,20,30,20,15,9,6
2007,21,32,18,16,8,5
2008,22,33,17,17,7,4
2009,24,34,15,18,6,3
2010,25,35,13,19,5,3
2011,26,36,12,20,4,2
2012,27,37,11,21,3,1
2013,28,38,10,22,2,0
2014,29,39,9,23,1,0
