Year,AI,IoT,Blockchain
2015,15,25,60
2016,20,28,52
2017,22,30,48
2018,27,33,40
2019,30,35,35
2020,35,30,35
2021,40,28,32
2022,45,25,30
2023,50,23,27
2024,55,20,25
2025,60,18,22
2026,65,15,20
2027,70,12,18
2028,75,10,15
