Day,Reading,Gaming,TV,Exercise
Monday,20,30,25,25
Tuesday,25,25,30,20
Wednesday,30,20,25,25
Thursday,20,35,25,20
Friday,25,20,30,25
Saturday,20,25,35,20
Sunday,25,30,20,25
Monday,20,25,30,25
Tuesday,25,30,20,25
Wednesday,20,25,25,30
Thursday,25,20,30,25
Friday,30,25,20,25
Saturday,25,30,25,20
Sunday,20,25,30,25
