Month,Cardio,Strength,Yoga,Pilates,Cycling
January,25,20,15,10,30
February,28,22,18,12,20
March,22,19,20,15,24
April,30,25,10,12,23
May,27,23,17,13,20
June,26,21,14,17,22
July,24,26,19,15,16
August,29,24,16,14,17
September,31,20,18,11,20
October,28,22,15,13,22
November,26,21,16,12,25
December,32,19,14,10,25
