Month,Recycling,Composting,Conservation,Planting,Cleaning
January,20,15,25,10,30
February,25,10,20,15,30
March,22,18,25,15,20
April,28,12,22,18,20
May,30,20,18,10,22
June,25,15,20,20,20
July,30,10,25,15,20
August,22,18,22,18,20
September,28,12,25,15,20
October,26,15,20,18,21
November,24,18,22,12,24
December,30,12,25,13,20
