Day,Fruits,Vegetables,Meat,Dairy
Monday,15,25,40,20
Tuesday,20,30,30,20
Wednesday,25,20,35,20
Thursday,15,25,30,30
Friday,20,25,35,20
Saturday,25,20,30,25
Sunday,20,25,25,30
Monday,15,30,35,20
Tuesday,25,25,30,20
Wednesday,20,30,25,25
Thursday,25,20,30,25
Friday,30,25,25,20
Saturday,20,30,25,25
Sunday,25,25,30,20
