Year,Fiction,Non-Fiction,Comics,Science,Biographies,Poetry
2000,30,25,10,15,10,10
2001,32,24,11,14,10,9
2002,34,23,12,13,11,7
2003,35,22,13,12,12,6
2004,36,21,14,11,12,6
2005,37,20,15,10,11,7
2006,38,19,16,9,10,8
2007,39,18,17,8,9,9
2008,40,17,18,7,8,10
2009,41,16,19,6,7,11
2010,42,15,20,5,6,12
2011,43,14,21,4,5,13
2012,44,13,22,3,4,14
2013,45,12,23,2,3,15
2014,46,11,24,1,2,16
2015,47,10,25,0,1,17
