Year,Pop,Rock,Jazz,Classical
2015,20,30,25,25
2016,25,28,22,25
2017,22,27,26,25
2018,24,25,25,26
2019,26,24,27,23
2020,27,22,26,25
2021,30,20,25,25
2022,28,22,24,26
2023,26,24,25,25
2024,29,21,25,25
2025,31,23,22,24
2026,28,24,26,22
2027,27,25,25,23
2028,29,23,24,24
2029,30,22,23,25
2030,32,21,25,22
