Year,Running,Swimming,Cycling,Yoga
2015,15,25,30,30
2016,18,22,28,32
2017,20,24,26,30
2018,22,20,27,31
2019,25,18,25,32
2020,28,20,23,29
2021,30,22,24,24
2022,27,23,26,24
2023,26,24,25,25
2024,29,21,26,24
2025,24,26,25,25
2026,22,28,24,26
2027,21,27,26,26
2028,23,26,27,24
