Day,Steps
Monday,5000
Tuesday,6000
Wednesday,7000
Thursday,8000
Friday,7500
Saturday,9000
Sunday,10000
Monday,5200
Tuesday,6300
Wednesday,7100
Thursday,8200
Friday,7700
Saturday,9200
Sunday,10200
Monday,5400
Tuesday,6400
Wednesday,7200
Thursday,8400
Friday,7900
Saturday,9400
Sunday,10400
Monday,5600
Tuesday,6500
Wednesday,7300
Thursday,8600
Friday,8100
Saturday,9600
Sunday,10600
