""
Date,Economy,Technology,Healthcare
2021-Q1,5000,5200,4800
2021-Q2,5300,5400,4950
2021-Q3,5800,5990,5100
2021-Q4,6200,6200,5300
2022-Q1,6000,6300,5500
2022-Q2,6100,6400,5700
2022-Q3,6400,6500,6000
2022-Q4,6600,6700,6100
2023-Q1,6800,6900,6250
2023-Q2,7000,7100,6400
2023-Q3,7300,7200,6550
2023-Q4,7500,7300,6700
""
