""
Month,Stocks,Bonds,Commodities,Real Estate
Jan,25,25,25,25
Feb,30,22,21,27
Mar,35,19,20,26
Apr,40,18,19,23
May,38,20,21,21
Jun,40,21,18,21
Jul,42,20,17,21
Aug,41,19,19,21
Sep,45,18,18,19
Oct,47,17,16,20
Nov,48,16,19,17
Dec,50,15,20,15
""
